1 0.354854 0.810602 0.130146 0.226648
1 0.052375 0.711639 0.102667 0.190685
1 0.180411 0.747204 0.131927 0.203333
1 0.628969 0.191546 0.029042 0.051241
1 0.690188 0.211491 0.035937 0.057944
1 0.442745 0.45387 0.061927 0.107333
1 0.654078 0.298602 0.048594 0.084426
1 0.770854 0.240731 0.038146 0.059537
1 0.466188 0.32587 0.045271 0.074148
0 0.376188 0.3395 0.064812 0.165407
1 0.302187 0.331796 0.056813 0.086
1 0.82463 0.234407 0.042156 0.054778
1 0.312078 0.250009 0.040156 0.054389
1 0.392073 0.237176 0.038375 0.050833
1 0.369406 0.196676 0.030375 0.044907
1 0.751188 0.777815 0.116146 0.187926
