1 0.799854 0.287537 0.126375 0.114444
2 0.626078 0.22809 0.09926 0.091931
1 0.517745 0.199244 0.07326 0.070587
1 0.449854 0.180481 0.053937 0.057556
1 0.509854 0.239741 0.071271 0.077296
2 0.821521 0.70137 0.272812 0.328963
1 0.58674 0.540778 0.157042 0.172926
3 0.393073 0.270361 0.181708 0.20887
1 0.949188 0.507796 0.103708 0.174889
1 0.643302 0.460185 0.165708 0.142889
1 0.430411 0.427 0.114156 0.127889
2 0.827854 0.522806 0.176604 0.197019
1 0.961745 0.669769 0.078594 0.149611
1 0.769745 0.413963 0.15549 0.124704
1 0.623854 0.345417 0.123708 0.107722
1 0.29463 0.303148 0.066594 0.096667
1 0.355411 0.36063 0.07926 0.096259
1 0.511521 0.289519 0.086604 0.106556
1 0.297521 0.24488 0.047042 0.055981
1 0.25474 0.223935 0.041042 0.053611
1 0.245521 0.272731 0.046146 0.067426
