1 0.22463 0.048728 0.02926 0.032667
1 0.769411 0.869713 0.257927 0.264278
1 0.217302 0.064926 0.025708 0.035826
1 0.232297 0.321315 0.069927 0.108519
1 0.263521 0.093568 0.039042 0.037802
1 0.31863 0.089222 0.035927 0.042544
1 0.365187 0.085667 0.040146 0.040963
1 0.377745 0.066111 0.034594 0.039778
3 0.162411 0.166849 0.10526 0.173302
1 0.293297 0.224528 0.066156 0.079278
2 0.468078 0.114902 0.058823 0.052815
1 0.089189 0.280037 0.057934 0.08837
1 0.417078 0.168429 0.056823 0.051624
1 0.474854 0.159942 0.059479 0.062302
1 0.658297 0.24112 0.090823 0.092722
1 0.772078 0.240722 0.090823 0.084815
1 0.899297 0.311056 0.119927 0.094296
1 0.066854 0.086852 0.029265 0.041752
1 0.116189 0.080728 0.027934 0.037407
1 0.015597 0.088432 0.029111 0.042543
1 0.925854 0.25712 0.111708 0.082833
