2 0.621521 0.166852 0.027479 0.049259
1 0.099189 0.902111 0.163268 0.199481
2 0.158188 0.516083 0.105271 0.173315
1 0.63274 0.231241 0.035708 0.05163
2 0.682406 0.192132 0.036375 0.061106
2 0.374187 0.375639 0.051479 0.10813
2 0.351297 0.276481 0.040823 0.071778
1 0.297521 0.263444 0.040813 0.064667
1 0.752188 0.335935 0.058146 0.088759
1 0.434964 0.275889 0.041927 0.06663
1 0.402188 0.212278 0.029271 0.044519
1 0.844297 0.291694 0.05126 0.07613
2 0.348964 0.205568 0.029927 0.059531
1 0.453635 0.210901 0.034375 0.055976
1 0.704854 0.558556 0.081271 0.129444
