1 0.058708 0.711046 0.115333 0.19187
1 0.064151 0.911398 0.126219 0.180907
1 0.620969 0.175148 0.027708 0.046889
1 0.426302 0.496139 0.075708 0.1255
2 0.32674 0.43213 0.090375 0.199778
2 0.341078 0.282796 0.042156 0.078889
2 0.388854 0.338898 0.052813 0.103389
1 0.489854 0.299 0.043708 0.07337
1 0.414187 0.27688 0.041271 0.06387
1 0.398078 0.213861 0.03526 0.055574
1 0.342854 0.208336 0.034604 0.062698
2 0.706745 0.533667 0.08726 0.190296
1 0.51663 0.207151 0.032823 0.053217
1 0.464188 0.209123 0.032375 0.05005
1 0.419297 0.176132 0.02749 0.038587
