1 0.664792 0.168546 0.041146 0.064056
2 0.59013 0.147301 0.038594 0.079213
1 0.677578 0.220116 0.058177 0.088324
1 0.666458 0.298222 0.063333 0.101963
1 0.76375 0.386972 0.090625 0.130796
1 0.926797 0.713324 0.14849 0.220907
1 0.196432 0.760898 0.162448 0.253463
1 0.475948 0.55037 0.098104 0.183778
1 0.368359 0.38975 0.079406 0.126611
2 0.495839 0.338287 0.067698 0.165093
1 0.349938 0.283713 0.057771 0.085019
1 0.379469 0.185981 0.050167 0.062148
2 0.512797 0.198977 0.038469 0.081898
1 0.475958 0.149593 0.036125 0.055907
1 0.438823 0.123083 0.032042 0.04863
1 0.48912 0.116847 0.028531 0.044472
