1 0.589187 0.758852 0.217938 0.343593
1 0.79063 0.656722 0.190594 0.253111
1 0.201521 0.064333 0.031938 0.040963
1 0.145969 0.343056 0.077708 0.113259
1 0.22274 0.045173 0.029042 0.040569
2 0.345187 0.069074 0.036146 0.048863
1 0.263188 0.320528 0.080146 0.105352
1 0.148297 0.20379 0.048594 0.070198
1 0.259745 0.201219 0.06749 0.09508
1 0.428521 0.081716 0.043271 0.042543
1 0.331073 0.099098 0.041708 0.052815
1 0.396521 0.152432 0.060604 0.060717
1 0.050743 0.181071 0.040153 0.061894
1 0.141189 0.928583 0.159268 0.146537
1 0.621745 0.186009 0.078156 0.068611
1 0.672078 0.251991 0.090823 0.074944
1 0.655635 0.305907 0.105042 0.091926
1 0.834635 0.226509 0.099042 0.08087
1 0.89874 0.296241 0.123708 0.093111
2 0.101186 0.066506 0.033482 0.053209
1 0.051521 0.07105 0.024819 0.040963
