1 0.472651 0.211403 0.05426 0.085269
1 0.447125 0.742315 0.148479 0.298148
1 0.543406 0.231537 0.059854 0.108926
1 0.597448 0.435463 0.095625 0.174148
1 0.644271 0.232338 0.057708 0.097102
1 0.578568 0.160579 0.04526 0.073769
1 0.80526 0.116151 0.048542 0.065457
1 0.767786 0.167296 0.053385 0.076963
1 0.651016 0.158819 0.042031 0.075361
2 0.594922 0.094418 0.04276 0.089109
2 0.845443 0.152912 0.060885 0.099991
1 0.439307 0.185199 0.077094 0.071861
1 0.875208 0.271333 0.076563 0.101556
1 0.887786 0.448731 0.120781 0.169352
3 0.494135 0.108281 0.128708 0.161254
