1 0.630911 0.117473 0.033177 0.063035
1 0.731875 0.188259 0.043438 0.067074
1 0.773281 0.399611 0.096042 0.127778
2 0.652813 0.450426 0.101458 0.195
1 0.894969 0.661759 0.164375 0.25963
1 0.319432 0.514852 0.107094 0.166815
2 0.186781 0.485741 0.136917 0.265222
1 0.406958 0.342963 0.064979 0.112074
1 0.511917 0.310907 0.056583 0.102704
1 0.420984 0.239704 0.050948 0.081556
1 0.512615 0.168833 0.038104 0.056963
1 0.468646 0.142315 0.033208 0.051759
2 0.517865 0.125509 0.037292 0.063185
1 0.438141 0.122218 0.029115 0.050361
1 0.455203 0.092413 0.028135 0.03997
