1 0.33774 0.279935 0.047708 0.081019
1 0.63625 0.112157 0.029687 0.05087
1 0.411448 0.708833 0.127229 0.252593
1 0.67974 0.115924 0.031771 0.047096
1 0.437422 0.243185 0.049823 0.090444
1 0.504234 0.405315 0.075281 0.131926
1 0.659036 0.180968 0.039219 0.064065
1 0.713672 0.164 0.04026 0.056519
1 0.474016 0.296907 0.06149 0.096111
1 0.430531 0.199819 0.040271 0.067843
1 0.475073 0.144204 0.031792 0.047093
1 0.717891 0.281833 0.05724 0.081037
1 0.450677 0.11687 0.029667 0.041444
1 0.490443 0.113097 0.024365 0.045213
1 0.777292 0.436417 0.099687 0.137611
