1 0.625078 0.105591 0.030052 0.050393
1 0.683958 0.101796 0.033438 0.04887
1 0.585417 0.129861 0.029167 0.053426
1 0.658802 0.128343 0.030937 0.050389
1 0.661354 0.173852 0.044583 0.07163
1 0.741563 0.203426 0.053125 0.073148
1 0.624687 0.239083 0.054792 0.083759
2 0.718099 0.302787 0.064219 0.108019
1 0.872109 0.357389 0.092344 0.126222
1 0.832005 0.548509 0.133281 0.180833
1 0.8 0.893796 0.185313 0.216111
1 0.308417 0.297222 0.061271 0.087111
1 0.334437 0.411583 0.082917 0.124537
1 0.449349 0.567019 0.110406 0.22537
1 0.485901 0.293583 0.058365 0.100611
1 0.45374 0.148551 0.039646 0.057991
1 0.514839 0.150116 0.040219 0.071509
