1 0.649167 0.360389 0.079375 0.140815
1 0.581432 0.286741 0.061406 0.104926
2 0.620104 0.221134 0.052917 0.109806
1 0.863568 0.647787 0.156094 0.256241
1 0.559219 0.196875 0.053229 0.079657
1 0.77362 0.349907 0.101198 0.172111
1 0.610182 0.151079 0.04724 0.075917
2 0.696589 0.173333 0.050156 0.10837
1 0.788229 0.063229 0.034792 0.054106
1 0.655573 0.122659 0.040104 0.068459
1 0.851797 0.082179 0.044635 0.055254
1 0.81526 0.118641 0.048854 0.062144
1 0.658646 0.090073 0.03625 0.04578
1 0.597109 0.063659 0.032031 0.0498
1 0.927422 0.212958 0.071302 0.083676
3 0.460073 0.582944 0.215708 0.667333
