1 0.628297 0.225917 0.03349 0.0465
1 0.69463 0.228287 0.038594 0.053611
1 0.749411 0.201419 0.032156 0.051235
1 0.647078 0.287148 0.04126 0.062296
1 0.39074 0.367148 0.059708 0.089556
1 0.73274 0.307685 0.053042 0.076519
1 0.390078 0.243102 0.03526 0.053204
1 0.812188 0.214259 0.035042 0.049259
1 0.316406 0.253167 0.041708 0.062296
1 0.503745 0.252583 0.034156 0.057944
1 0.412964 0.201812 0.032594 0.046487
1 0.519302 0.208139 0.028375 0.04413
2 0.462969 0.201222 0.037042 0.082444
1 0.867745 0.319148 0.059927 0.082852
1 0.372854 0.194701 0.031042 0.048857
1 0.721411 0.618009 0.09749 0.15513
1 0.94074 0.46038 0.085042 0.102204
