1 0.634479 0.120252 0.036875 0.058478
1 0.682396 0.134917 0.032604 0.057463
1 0.664479 0.178403 0.043958 0.058491
1 0.704427 0.244639 0.059063 0.086796
1 0.629661 0.310111 0.059635 0.098444
1 0.812943 0.306833 0.072448 0.110074
1 0.808984 0.500231 0.121927 0.183352
1 0.76388 0.853398 0.206927 0.261722
1 0.325276 0.225843 0.052885 0.067685
2 0.443214 0.831704 0.129302 0.340296
1 0.347406 0.490769 0.102604 0.155352
1 0.390583 0.224102 0.050937 0.073907
1 0.392917 0.303639 0.074333 0.102019
2 0.454224 0.148551 0.035156 0.078787
1 0.515724 0.137463 0.034177 0.056611
1 0.439604 0.113554 0.028917 0.047596
