1 0.199854 0.062556 0.025042 0.026344
1 0.756964 0.869324 0.26326 0.265056
2 0.274187 0.530111 0.111042 0.21163
2 0.279302 0.052877 0.031042 0.044913
1 0.299297 0.351343 0.08349 0.111685
2 0.348964 0.081519 0.03749 0.050048
1 0.189964 0.220775 0.05149 0.077302
2 0.370745 0.066111 0.037927 0.050048
1 0.350078 0.109766 0.040156 0.047283
1 0.171521 0.120037 0.035937 0.048863
2 0.083187 0.439843 0.090375 0.190685
1 0.425521 0.178706 0.067042 0.065069
1 0.576078 0.169618 0.070823 0.065061
2 0.092745 0.094753 0.032156 0.054394
1 0.111967 0.076975 0.028378 0.037802
1 0.022375 0.245278 0.042667 0.081259
1 0.018819 0.118655 0.035555 0.053209
1 0.866078 0.251194 0.104594 0.084426
