1 0.628521 0.18996 0.028146 0.046487
1 0.646411 0.239935 0.034594 0.057167
1 0.37174 0.658111 0.105708 0.183185
1 0.760188 0.218602 0.039479 0.046093
1 0.727521 0.270167 0.041708 0.067037
1 0.812406 0.207935 0.037708 0.053204
1 0.359406 0.352722 0.059708 0.086
1 0.813187 0.273315 0.048146 0.067037
1 0.686078 0.394213 0.05126 0.089944
2 0.805187 0.415935 0.061042 0.118389
1 0.871745 0.266009 0.047927 0.057944
2 0.331521 0.224929 0.044813 0.081661
1 0.871297 0.374056 0.066594 0.093111
1 0.456411 0.212481 0.03326 0.044926
1 0.976964 0.374657 0.048156 0.08087
