1 0.705937 0.846861 0.183854 0.309981
2 0.60888 0.447037 0.078073 0.217333
1 0.797995 0.492574 0.123281 0.196556
1 0.624896 0.220653 0.051562 0.09088
1 0.741589 0.043895 0.028906 0.047257
1 0.756589 0.070319 0.032656 0.0529
1 0.569714 0.335704 0.079115 0.119333
1 0.811276 0.105719 0.047031 0.062135
1 0.677292 0.151255 0.044896 0.077269
1 0.605208 0.098796 0.034687 0.054444
1 0.867526 0.137019 0.055156 0.068296
1 0.77151 0.128681 0.0475 0.069065
1 0.866979 0.086222 0.044479 0.059056
1 0.599089 0.058646 0.029323 0.042896
1 0.647266 0.05762 0.028177 0.04803
1 0.928021 0.277861 0.080833 0.112426
1 0.974193 0.202208 0.053698 0.079509
3 0.537797 0.114108 0.061594 0.150783
