1 0.653385 0.817509 0.148333 0.322019
1 0.525573 0.425444 0.078125 0.148
1 0.625495 0.331463 0.058385 0.097519
1 0.695 0.129773 0.038333 0.049935
1 0.683099 0.279287 0.059427 0.089352
1 0.588438 0.182903 0.039479 0.053306
1 0.654036 0.233389 0.042969 0.07637
1 0.759375 0.169431 0.037292 0.051361
1 0.827786 0.193 0.048073 0.059074
1 0.810052 0.288426 0.072188 0.076852
1 0.589505 0.130014 0.027552 0.036954
1 0.624818 0.118718 0.028906 0.04512
1 0.543698 0.116792 0.027813 0.048009
2 0.951068 0.347083 0.099948 0.149944
