1 0.656172 0.519315 0.107969 0.186222
1 0.752865 0.048501 0.027917 0.041783
2 0.635234 0.306343 0.064427 0.135463
1 0.775078 0.06514 0.030156 0.041046
1 0.631146 0.201213 0.050417 0.074093
1 0.812995 0.057376 0.036406 0.045237
1 0.713724 0.063783 0.033906 0.050659
1 0.534568 0.102362 0.032531 0.057313
2 0.600833 0.104456 0.036979 0.077774
1 0.708906 0.193944 0.053437 0.087148
2 0.830937 0.11296 0.052604 0.085413
1 0.532125 0.23387 0.057313 0.082704
1 0.577344 0.077094 0.025729 0.052628
1 0.903594 0.193449 0.072292 0.082213
1 0.650339 0.069703 0.03526 0.058057
3 0.458521 0.476574 0.176604 0.460519
