1 0.20574 0.457815 0.083042 0.111296
1 0.327073 0.890454 0.135042 0.222796
2 0.100484 0.828435 0.198885 0.346833
1 0.628073 0.198262 0.033042 0.047291
1 0.732187 0.187197 0.031042 0.046494
1 0.689854 0.197664 0.029042 0.042931
1 0.333188 0.452287 0.075708 0.118389
1 0.408302 0.332981 0.046375 0.078889
1 0.461078 0.395398 0.060823 0.096278
1 0.66274 0.310648 0.046375 0.082444
2 0.733854 0.299194 0.053937 0.097463
1 0.816302 0.218602 0.038375 0.052426
2 0.695078 0.456037 0.07726 0.144074
1 0.51563 0.232037 0.036156 0.054
1 0.458521 0.219593 0.030812 0.047296
1 0.886078 0.400731 0.07349 0.095093
2 0.420745 0.182849 0.03126 0.051228
