1 0.844078 0.367935 0.134823 0.129056
1 0.70874 0.331 0.106375 0.092333
1 0.554406 0.270167 0.081708 0.086
1 0.696302 0.882361 0.279708 0.238981
2 0.445302 0.230852 0.067042 0.070593
2 0.209964 0.387296 0.07149 0.113259
1 0.927078 0.47362 0.147927 0.127093
2 0.806188 0.759444 0.266604 0.328963
1 0.572411 0.594306 0.154156 0.170944
3 0.379964 0.316981 0.182156 0.205704
1 0.921854 0.560926 0.158375 0.200556
1 0.629302 0.515685 0.165708 0.148815
1 0.394411 0.457222 0.104823 0.12037
2 0.809406 0.585222 0.169042 0.212815
1 0.953411 0.733963 0.09526 0.166593
1 0.751745 0.470657 0.15326 0.123537
1 0.573854 0.380185 0.112146 0.104556
1 0.251521 0.326065 0.054146 0.09113
1 0.319854 0.396583 0.074375 0.094685
1 0.472297 0.326065 0.080594 0.098241
1 0.267188 0.277472 0.049479 0.065056
