1 0.18163 0.486852 0.088156 0.121148
1 0.208188 0.649222 0.112812 0.163815
1 0.603078 0.169812 0.026594 0.039376
1 0.655078 0.170407 0.02526 0.042148
1 0.718078 0.181469 0.032594 0.048469
1 0.620854 0.231843 0.037708 0.060722
1 0.745854 0.219796 0.038375 0.05163
1 0.677854 0.230056 0.036146 0.05163
2 0.641297 0.320731 0.054594 0.082056
1 0.801964 0.21663 0.036823 0.047667
2 0.325635 0.200632 0.045042 0.087587
1 0.690188 0.552231 0.080375 0.130241
1 0.449745 0.199642 0.030594 0.05005
1 0.853078 0.596676 0.102594 0.14487
1 0.942521 0.517463 0.101042 0.116815
2 0.359187 0.170806 0.037937 0.073759
