1 0.905521 0.371296 0.142146 0.110481
1 0.712854 0.296833 0.108812 0.101407
2 0.576521 0.251 0.088146 0.087963
1 0.463521 0.218009 0.062604 0.0615
1 0.400297 0.200432 0.049927 0.053209
1 0.786521 0.91337 0.263708 0.176963
2 0.812188 0.735148 0.272375 0.325407
1 0.577854 0.57337 0.157479 0.167
3 0.386521 0.299194 0.179708 0.207278
1 0.94363 0.543935 0.114823 0.175278
1 0.634302 0.493176 0.165042 0.140907
1 0.420969 0.455639 0.113042 0.125907
2 0.817187 0.55638 0.177042 0.200167
1 0.95663 0.711444 0.088823 0.16263
1 0.760745 0.450509 0.15526 0.123537
1 0.615406 0.379 0.122375 0.103
1 0.286297 0.332778 0.065927 0.097444
1 0.347411 0.38987 0.077927 0.093111
1 0.50174 0.320528 0.081708 0.104574
1 0.287521 0.274704 0.040375 0.057148
1 0.247073 0.254157 0.041708 0.054796
1 0.236854 0.300981 0.044813 0.067037
