1 0.334536 0.231306 0.047302 0.078056
1 0.634531 0.121255 0.026875 0.051435
1 0.577396 0.086189 0.022812 0.039344
1 0.684193 0.146051 0.033698 0.057491
1 0.671276 0.189588 0.048698 0.074417
1 0.340661 0.51975 0.097635 0.159056
1 0.240656 0.47863 0.099 0.130037
1 0.505271 0.22587 0.043208 0.076852
1 0.739974 0.216801 0.05276 0.073213
1 0.430115 0.227083 0.04525 0.076833
1 0.479432 0.129722 0.02826 0.049019
1 0.526708 0.167824 0.037104 0.0575
1 0.749505 0.374019 0.082656 0.119185
1 0.913464 0.43388 0.104427 0.137315
1 0.510385 0.11763 0.027563 0.041759
1 0.461745 0.105535 0.022823 0.039337
3 0.675104 0.094259 0.052979 0.088567
