1 0.24174 0.057419 0.032375 0.042939
1 0.304188 0.062358 0.034604 0.040172
1 0.366854 0.071049 0.035042 0.039383
1 0.374521 0.453074 0.104813 0.139333
1 0.468187 0.381176 0.102375 0.129463
1 0.297964 0.571194 0.120156 0.181204
1 0.324188 0.048926 0.028375 0.03227
1 0.260411 0.192331 0.064594 0.084413
1 0.318521 0.117667 0.040375 0.041359
1 0.374302 0.112432 0.043708 0.050643
1 0.432464 0.106506 0.041594 0.051431
2 0.164521 0.181275 0.045042 0.086006
1 0.074466 0.18937 0.040708 0.058741
1 0.094967 0.274306 0.057045 0.089167
1 0.067574 0.468583 0.091372 0.145056
2 0.461406 0.140976 0.066375 0.080074
1 0.438464 0.187395 0.06026 0.052024
1 0.623521 0.151148 0.064146 0.063678
1 0.136021 0.088926 0.028708 0.041159
2 0.679635 0.255741 0.102375 0.103
1 0.792797 0.248435 0.101594 0.09587
