1 0.669745 0.191148 0.02926 0.043333
1 0.442854 0.420083 0.060375 0.0935
1 0.630188 0.232037 0.035042 0.05637
1 0.724411 0.256537 0.044823 0.070593
2 0.384964 0.333759 0.05749 0.100222
2 0.262411 0.279444 0.06349 0.118
1 0.493969 0.276685 0.041708 0.075333
1 0.675187 0.400926 0.065479 0.101
1 0.38963 0.22137 0.036594 0.053222
1 0.45163 0.224528 0.033927 0.050056
1 0.513745 0.203 0.028823 0.045704
1 0.879521 0.296231 0.057708 0.072574
1 0.41963 0.189571 0.028594 0.045709
1 0.457411 0.190947 0.028594 0.037402
1 0.748521 0.759639 0.122375 0.208463
1 0.947964 0.793417 0.106156 0.207278
