3 0.494078 0.127738 0.072156 0.227821
1 0.638021 0.412537 0.088438 0.153926
1 0.818203 0.525194 0.131406 0.203611
2 0.723646 0.27088 0.08 0.148167
1 0.602083 0.218 0.0525 0.088556
1 0.594583 0.152056 0.044479 0.076222
1 0.568333 0.086023 0.029687 0.048009
1 0.745469 0.095558 0.045 0.052976
1 0.87375 0.143875 0.061667 0.07012
1 0.596536 0.045076 0.024844 0.040152
1 0.546406 0.041872 0.021875 0.03823
1 0.88974 0.34812 0.115417 0.148796
1 0.462198 0.122959 0.025292 0.06547
3 0.42313 0.660139 0.28649 0.683426
