1 0.254854 0.035296 0.026604 0.033456
1 0.18663 0.047543 0.026156 0.030296
1 0.408187 0.473028 0.126604 0.154352
1 0.340411 0.068877 0.038594 0.045309
1 0.333188 0.097717 0.041937 0.046889
3 0.415964 0.048864 0.094594 0.094024
2 0.263854 0.193324 0.063708 0.083241
1 0.375745 0.143148 0.047927 0.045307
1 0.641078 0.18562 0.08126 0.065463
1 0.599635 0.259889 0.093042 0.080481
1 0.631854 0.229278 0.088146 0.070593
2 0.131078 0.088037 0.034156 0.058344
1 0.071521 0.09021 0.031485 0.04768
1 0.015486 0.10937 0.028889 0.045704
1 0.91974 0.301963 0.120375 0.109296
