1 0.906078 0.319546 0.148156 0.134204
2 0.703521 0.244676 0.115042 0.109315
1 0.517745 0.199447 0.07326 0.070994
1 0.449406 0.180679 0.054375 0.057161
1 0.509969 0.239935 0.071042 0.076907
2 0.824406 0.694657 0.272375 0.328167
1 0.589854 0.534454 0.156604 0.170537
3 0.393854 0.26463 0.182812 0.204519
1 0.950745 0.500278 0.100594 0.172519
1 0.64474 0.454259 0.163708 0.143667
1 0.432297 0.42087 0.110823 0.125111
2 0.830078 0.519639 0.176594 0.2065
1 0.963411 0.665028 0.07526 0.148019
1 0.800745 0.419889 0.160594 0.125519
1 0.626969 0.340676 0.122375 0.110093
1 0.296854 0.300389 0.067479 0.101407
1 0.357745 0.355296 0.07726 0.096667
1 0.516078 0.282806 0.080594 0.098648
1 0.299078 0.238954 0.043927 0.056759
1 0.257635 0.217417 0.041042 0.050056
1 0.246854 0.267389 0.047479 0.067037
