2 0.402755 0.257602 0.115531 0.093722
1 0.591693 0.38188 0.061823 0.10813
2 0.583359 0.23688 0.037031 0.093722
1 0.650729 0.226519 0.043125 0.069407
1 0.86526 0.292722 0.063854 0.079296
1 0.818411 0.182847 0.03901 0.054083
1 0.78599 0.203111 0.049167 0.053185
1 0.762422 0.186898 0.040573 0.051389
1 0.768021 0.152227 0.034479 0.045083
1 0.732552 0.15988 0.034479 0.045981
2 0.713281 0.134218 0.029375 0.052287
1 0.696589 0.12656 0.025365 0.044176
1 0.880208 0.347657 0.070417 0.097315
1 0.620859 0.169333 0.028906 0.048667
1 0.567135 0.154931 0.027917 0.04688
3 0.934578 0.223639 0.132927 0.174685
