1 0.743854 0.88413 0.17375 0.235444
2 0.678177 0.458139 0.103646 0.239648
1 0.610365 0.350954 0.072813 0.130759
1 0.629948 0.25325 0.069479 0.12513
1 0.795547 0.380454 0.095052 0.172389
1 0.737344 0.26188 0.072083 0.105907
1 0.610286 0.154366 0.044531 0.077046
1 0.773385 0.062409 0.034896 0.043481
1 0.79737 0.098396 0.043802 0.066726
1 0.855495 0.087501 0.041719 0.053331
1 0.683568 0.121767 0.03974 0.066393
2 0.586953 0.093049 0.032552 0.063494
1 0.881406 0.141079 0.056667 0.071731
1 0.612786 0.07869 0.029948 0.052194
1 0.87138 0.244769 0.074948 0.093833
1 0.600391 0.034234 0.02401 0.045243
3 0.393411 0.667444 0.33526 0.668815
