1 0.280187 0.039444 0.025708 0.026741
1 0.654411 0.535648 0.148823 0.168963
2 0.281073 0.059988 0.029708 0.041754
1 0.271969 0.070456 0.035042 0.038987
1 0.321745 0.099889 0.036823 0.046493
1 0.249521 0.091791 0.028375 0.035037
1 0.415854 0.791444 0.183708 0.261815
1 0.109408 0.264241 0.058372 0.081259
1 0.298635 0.248824 0.063042 0.084426
1 0.399411 0.137024 0.04949 0.052815
1 0.45474 0.124185 0.053042 0.047678
1 0.44363 0.178108 0.06149 0.053598
1 0.501521 0.227296 0.071042 0.060333
1 0.113189 0.132876 0.035268 0.046889
2 0.041966 0.124975 0.032375 0.05795
2 0.647854 0.195294 0.088146 0.090339
1 0.774969 0.215642 0.089042 0.074939
1 0.066187 0.088234 0.027485 0.038198
2 0.949188 0.329019 0.103708 0.112074
