1 0.654948 0.173097 0.040313 0.054954
1 0.64513 0.138963 0.029219 0.047352
2 0.695234 0.231972 0.05776 0.107722
1 0.822344 0.477296 0.102188 0.154741
1 0.316021 0.627306 0.129104 0.244093
1 0.240578 0.458361 0.089344 0.134907
1 0.32976 0.470843 0.094604 0.126611
1 0.42362 0.272269 0.055427 0.087093
1 0.393505 0.222889 0.04899 0.071481
1 0.461635 0.187542 0.040229 0.059028
1 0.513094 0.254083 0.053083 0.086056
1 0.420115 0.155833 0.033208 0.053833
1 0.482687 0.127764 0.029687 0.043435
1 0.525391 0.131398 0.030885 0.046556
