1 0.676187 0.178898 0.028375 0.042537
1 0.30374 0.891 0.153708 0.173296
1 0.645411 0.256731 0.036594 0.058352
1 0.736406 0.291889 0.048375 0.07337
1 0.762302 0.230065 0.038375 0.050833
1 0.239854 0.426407 0.065937 0.093519
1 0.659745 0.310852 0.040823 0.072556
1 0.821297 0.226315 0.04126 0.057556
1 0.502635 0.275694 0.039042 0.05913
1 0.696188 0.401324 0.058604 0.093907
1 0.82363 0.309472 0.049927 0.066648
1 0.795745 0.427398 0.066156 0.094685
1 0.707964 0.530898 0.080823 0.139722
1 0.910411 0.411787 0.07149 0.095093
1 0.922078 0.315204 0.060156 0.069407
