1 0.384953 0.907 0.180823 0.189704
1 0.47101 0.218046 0.054604 0.084426
1 0.678672 0.704269 0.150781 0.372944
1 0.493417 0.430315 0.099417 0.18837
1 0.647526 0.185991 0.046927 0.084426
1 0.5975 0.109728 0.032188 0.058193
1 0.723724 0.101472 0.035469 0.063056
1 0.77375 0.097589 0.039271 0.05723
1 0.823177 0.082044 0.036563 0.05917
1 0.783047 0.057271 0.03276 0.048483
1 0.979479 0.081073 0.043125 0.063057
1 0.550526 0.26613 0.062802 0.104815
2 0.57237 0.142759 0.039844 0.091222
1 0.771536 0.235046 0.066615 0.097056
1 0.646693 0.091757 0.033281 0.055281
1 0.965 0.360852 0.072083 0.131074
1 0.951615 0.645981 0.098854 0.227222
3 0.489187 0.114009 0.127708 0.156907
