1 0.093411 0.631056 0.128156 0.155926
1 0.243188 0.926009 0.149938 0.151685
1 0.220406 0.62888 0.120375 0.170537
1 0.139074 0.395593 0.092372 0.117222
1 0.640073 0.205568 0.039708 0.069013
1 0.421188 0.452278 0.073938 0.123926
1 0.341964 0.390657 0.070594 0.122352
1 0.80574 0.247241 0.044375 0.062296
1 0.736964 0.265417 0.045927 0.070204
1 0.301521 0.331 0.061708 0.094704
1 0.457411 0.311843 0.05526 0.098241
1 0.880406 0.357667 0.069708 0.082444
2 0.87463 0.227296 0.044823 0.074556
1 0.397188 0.195889 0.039271 0.059926
1 0.747411 0.686954 0.10549 0.18713
