1 0.58276 0.428269 0.068333 0.136796
1 0.574401 0.082346 0.02026 0.036937
1 0.580469 0.149824 0.032396 0.058537
2 0.721693 0.338759 0.095156 0.206074
1 0.495448 0.253287 0.099208 0.083722
1 0.751042 0.784556 0.140729 0.280741
1 0.725729 0.115636 0.035417 0.053135
1 0.773542 0.140829 0.04 0.058528
1 0.72849 0.090446 0.025833 0.036941
1 0.767474 0.089094 0.030885 0.043237
1 0.718125 0.071551 0.026354 0.042339
1 0.684479 0.058506 0.021771 0.032441
1 0.708021 0.04546 0.019271 0.029743
1 0.83276 0.196611 0.051146 0.069333
1 0.917292 0.259583 0.072396 0.090907
1 0.562786 0.042312 0.01724 0.030643
