1 0.633964 0.20063 0.027927 0.040963
1 0.685078 0.189762 0.02926 0.049254
2 0.732854 0.183247 0.031042 0.052024
2 0.418406 0.550463 0.073708 0.18437
2 0.09963 0.479741 0.085927 0.147222
1 0.71363 0.258111 0.040156 0.065852
1 0.77663 0.183447 0.028823 0.041365
2 0.671411 0.335343 0.064594 0.138944
1 0.749964 0.325074 0.051927 0.082037
1 0.798854 0.253565 0.049271 0.060722
1 0.386411 0.356676 0.052823 0.086796
1 0.47763 0.339296 0.04949 0.078111
1 0.320188 0.323889 0.053708 0.075741
1 0.37763 0.251991 0.045927 0.055981
1 0.879297 0.613472 0.11949 0.170537
1 0.467969 0.193123 0.033708 0.058346
