1 0.271745 0.036284 0.02926 0.038592
1 0.219745 0.058605 0.03149 0.036617
2 0.715187 0.566463 0.176146 0.261407
1 0.346854 0.412583 0.103042 0.135389
1 0.223302 0.475787 0.105708 0.15513
1 0.316745 0.053272 0.032594 0.045704
1 0.382302 0.298019 0.086375 0.108519
1 0.25074 0.268389 0.073042 0.096667
1 0.30474 0.096333 0.041042 0.040963
1 0.341078 0.085469 0.046594 0.05005
1 0.437297 0.07263 0.042156 0.044122
1 0.095853 0.194506 0.046816 0.067431
1 0.441297 0.171794 0.06526 0.059931
1 0.633078 0.219398 0.092823 0.07613
1 0.103188 0.112333 0.035708 0.0461
1 0.658964 0.279444 0.080156 0.082444
1 0.080632 0.074407 0.02482 0.036619
