1 0.616693 0.552546 0.09224 0.184722
1 0.056599 0.707093 0.111115 0.232963
1 0.733047 0.064503 0.024844 0.040839
1 0.768672 0.065404 0.02651 0.043237
1 0.609323 0.209056 0.044896 0.076222
1 0.703281 0.077398 0.026667 0.042037
1 0.77724 0.084297 0.028542 0.046239
1 0.762917 0.113835 0.037604 0.055533
1 0.62849 0.084598 0.027187 0.046841
1 0.576771 0.04711 0.018958 0.029443
1 0.570547 0.079199 0.025677 0.042639
1 0.844375 0.193606 0.059583 0.073528
1 0.869036 0.271435 0.075781 0.115204
1 0.978177 0.251639 0.045729 0.090019
