1 0.643854 0.13062 0.033438 0.052926
1 0.584557 0.114439 0.028594 0.0509
1 0.697187 0.123542 0.035417 0.050898
1 0.658932 0.172838 0.040885 0.074657
1 0.602474 0.210255 0.051406 0.078713
1 0.743542 0.207981 0.0525 0.073148
1 0.618281 0.308343 0.061354 0.104981
1 0.731198 0.309102 0.066458 0.108537
1 0.811953 0.502 0.12224 0.184889
1 0.939245 0.450213 0.123594 0.162056
1 0.808698 0.888241 0.189062 0.227222
1 0.325667 0.227056 0.052104 0.072889
1 0.146232 0.629213 0.147828 0.196611
2 0.361729 0.358556 0.076688 0.158481
1 0.428589 0.69263 0.12501 0.243741
1 0.37187 0.182343 0.066927 0.055574
1 0.504911 0.265694 0.049969 0.092648
1 0.452766 0.167616 0.038865 0.058694
1 0.512995 0.152366 0.038073 0.069083
1 0.515932 0.114072 0.029906 0.043781
