1 0.874854 0.757074 0.215479 0.267333
2 0.361854 0.622556 0.141937 0.283519
1 0.385188 0.118654 0.045937 0.05163
1 0.083965 0.435296 0.07282 0.128667
1 0.538521 0.114308 0.053937 0.06032
1 0.283745 0.335741 0.075927 0.104185
1 0.523411 0.220386 0.072594 0.071783
2 0.031375 0.26562 0.060667 0.114056
1 0.191635 0.221173 0.055708 0.082839
1 0.657964 0.186407 0.078594 0.074148
1 0.656854 0.238361 0.092375 0.086389
1 0.795635 0.200429 0.091708 0.068217
1 0.258078 0.186213 0.052156 0.071389
1 0.103854 0.202012 0.043708 0.069013
1 0.815078 0.251194 0.098594 0.085204
1 0.167521 0.170206 0.041271 0.062291
1 0.831635 0.366954 0.134375 0.106537
1 0.852187 0.310454 0.120813 0.098648
