1 0.974078 0.416537 0.053927 0.118
1 0.799969 0.354315 0.129708 0.123926
1 0.622854 0.304528 0.090604 0.080463
1 0.456521 0.237963 0.064146 0.069
1 0.696078 0.862407 0.256156 0.278889
1 0.254964 0.446361 0.08549 0.113648
2 0.361411 0.20359 0.05126 0.054783
1 0.561078 0.312824 0.07326 0.074944
2 0.800406 0.761426 0.271042 0.331333
1 0.569302 0.59312 0.153708 0.175685
3 0.374297 0.319546 0.181927 0.207685
1 0.91963 0.567046 0.162823 0.209648
1 0.525969 0.477176 0.153708 0.1105
1 0.311521 0.396185 0.077708 0.102593
2 0.807078 0.58463 0.170594 0.205296
1 0.952078 0.739296 0.097927 0.170148
1 0.723187 0.465917 0.147271 0.129056
1 0.572302 0.388481 0.114375 0.109296
1 0.239187 0.276676 0.044604 0.066648
1 0.225073 0.329028 0.056375 0.068611
