2 0.640078 0.112945 0.033177 0.05898
1 0.677422 0.161671 0.03599 0.061213
1 0.677109 0.302537 0.066302 0.114444
1 0.905802 0.559241 0.125375 0.181407
1 0.273328 0.677213 0.140802 0.236463
1 0.212318 0.524389 0.129115 0.167148
1 0.387068 0.360306 0.072385 0.116907
1 0.333078 0.299815 0.068094 0.090222
1 0.43912 0.218722 0.04899 0.070111
1 0.492719 0.383343 0.070813 0.125574
2 0.390875 0.182866 0.051146 0.113454
1 0.471865 0.156005 0.036917 0.060417
1 0.527911 0.129319 0.029698 0.050028
1 0.486292 0.110955 0.027167 0.049331
