1 0.695365 0.062255 0.019896 0.034543
1 0.708281 0.072452 0.021458 0.033341
1 0.913385 0.804954 0.175313 0.271204
1 0.542776 0.18656 0.050802 0.065435
1 0.734401 0.080999 0.029531 0.040243
1 0.762188 0.072443 0.024167 0.028478
1 0.76099 0.057597 0.018646 0.028813
1 0.80901 0.042869 0.026146 0.031924
1 0.77987 0.089396 0.031406 0.042041
1 0.781146 0.142181 0.041042 0.061231
1 0.754557 0.116536 0.034427 0.049539
1 0.587474 0.154773 0.037969 0.063028
1 0.564036 0.087744 0.022448 0.035735
1 0.615911 0.094945 0.024323 0.039943
1 0.776589 0.208454 0.055885 0.084019
1 0.857552 0.202153 0.055521 0.075028
1 0.593307 0.064504 0.022656 0.034241
1 0.920208 0.258694 0.074271 0.09213
2 0.93026 0.388241 0.1125 0.168889
