1 0.698906 0.020711 0.017292 0.037719
1 0.151865 0.505722 0.121271 0.164037
1 0.724349 0.028586 0.02724 0.016939
1 0.717995 0.013796 0.020156 0.023889
1 0.301078 0.350556 0.07549 0.104556
1 0.725417 0.056875 0.026458 0.038313
1 0.762891 0.041787 0.023698 0.035796
1 0.765365 0.058761 0.027187 0.026996
2 0.680521 0.031729 0.021562 0.040827
1 0.786953 0.052474 0.02651 0.042085
1 0.679115 0.205241 0.05125 0.078556
1 0.611536 0.14237 0.036406 0.063463
1 0.765365 0.095848 0.035729 0.053396
1 0.806042 0.103392 0.040625 0.038309
1 0.809922 0.13231 0.049844 0.055917
1 0.875365 0.114079 0.064687 0.064713
1 0.590677 0.039901 0.021562 0.037057
1 0.622865 0.029844 0.023646 0.034542
1 0.546146 0.04053 0.020104 0.0358
3 0.52163 0.197472 0.092156 0.217167
