1 0.69612 0.061206 0.023802 0.036041
1 0.748255 0.061654 0.023802 0.022544
1 0.715859 0.079197 0.026823 0.045031
1 0.664245 0.197963 0.045052 0.07563
1 0.565807 0.111589 0.028385 0.046841
1 0.57112 0.206958 0.042031 0.079231
1 0.75026 0.098542 0.029896 0.045935
1 0.771536 0.130931 0.03901 0.065731
1 0.802656 0.110238 0.033438 0.054931
1 0.89651 0.097641 0.019792 0.040533
1 0.827188 0.165125 0.053125 0.085528
1 0.87401 0.309065 0.087083 0.123315
1 0.919557 0.251046 0.069844 0.093611
1 0.567057 0.0756 0.023802 0.030641
1 0.566302 0.041412 0.018229 0.030643
1 0.593646 0.034215 0.018229 0.030641
