1 0.333286 0.228287 0.051156 0.065537
1 0.399156 0.305093 0.061354 0.092556
1 0.49463 0.286546 0.06001 0.093352
1 0.619349 0.125088 0.018698 0.040546
1 0.734089 0.219023 0.049115 0.07362
1 0.487594 0.130125 0.033688 0.057083
1 0.61276 0.231713 0.053229 0.080463
1 0.512312 0.189389 0.037771 0.064333
2 0.465937 0.110174 0.034833 0.059096
1 0.722526 0.313352 0.073177 0.109889
1 0.625807 0.30912 0.072031 0.1095
1 0.526135 0.13456 0.029604 0.058694
1 0.826042 0.503222 0.120521 0.168741
1 0.93125 0.831139 0.096042 0.293278
3 0.849047 0.27641 0.15876 0.239143
3 0.657521 0.150262 0.072375 0.153957
