1 0.936521 0.359056 0.129042 0.114444
1 0.725521 0.277472 0.111042 0.104574
2 0.619188 0.236583 0.097479 0.089167
1 0.513302 0.212287 0.071042 0.069019
1 0.443854 0.193516 0.056604 0.06308
1 0.789745 0.905861 0.252823 0.191981
1 0.503302 0.246852 0.071042 0.074926
2 0.818411 0.707491 0.27149 0.326204
1 0.584411 0.547491 0.158156 0.169759
3 0.389521 0.277269 0.183938 0.206093
1 0.947854 0.513722 0.106375 0.172519
1 0.640635 0.468481 0.167042 0.144481
1 0.429078 0.43312 0.112823 0.125907
2 0.825187 0.533074 0.176146 0.203333
1 0.961521 0.682602 0.079042 0.155537
1 0.767745 0.422657 0.15549 0.124722
1 0.622854 0.349963 0.124375 0.104963
1 0.290745 0.311444 0.06726 0.096667
1 0.354073 0.370111 0.077042 0.095481
1 0.510188 0.29525 0.082146 0.106944
1 0.296521 0.253769 0.048604 0.060315
1 0.253073 0.231444 0.041708 0.054407
1 0.24463 0.281815 0.044823 0.069815
