1 0.507536 0.184185 0.040969 0.070926
1 0.612786 0.359648 0.076927 0.133741
2 0.540167 0.244352 0.072688 0.136778
1 0.581875 0.202056 0.054792 0.091926
1 0.653047 0.041551 0.030156 0.043035
1 0.678099 0.238741 0.073073 0.117222
1 0.704062 0.058939 0.035417 0.05057
1 0.588802 0.096921 0.040729 0.063713
3 0.515979 0.052296 0.041229 0.100889
1 0.787839 0.107897 0.049323 0.067076
1 0.555417 0.049805 0.025104 0.041594
1 0.604453 0.055093 0.030677 0.043841
1 0.9475 0.418398 0.107083 0.180685
3 0.45412 0.473546 0.17174 0.514389
