1 0.720599 0.779102 0.173073 0.399204
1 0.61901 0.281639 0.066042 0.111574
1 0.794714 0.416556 0.10099 0.159741
2 0.605078 0.18138 0.046302 0.092648
1 0.800729 0.052026 0.032813 0.04613
1 0.659427 0.162306 0.057292 0.073426
1 0.756302 0.067342 0.034583 0.046128
1 0.609609 0.109116 0.036615 0.056157
1 0.863854 0.091848 0.046667 0.056156
1 0.824141 0.112595 0.045573 0.058106
1 0.832839 0.147958 0.05349 0.079269
1 0.86612 0.267435 0.078385 0.11213
1 0.489078 0.207685 0.075906 0.087889
1 0.957266 0.253222 0.087552 0.106074
1 0.636016 0.043532 0.025781 0.04418
