1 0.751979 0.065382 0.032083 0.043483
1 0.589036 0.259907 0.059844 0.096593
1 0.606797 0.164574 0.044635 0.072481
1 0.717656 0.282009 0.074896 0.113241
1 0.779687 0.10601 0.041562 0.058128
1 0.54276 0.149935 0.037083 0.067889
2 0.598151 0.110172 0.036719 0.065304
1 0.671849 0.145773 0.047552 0.069898
1 0.840964 0.146634 0.047552 0.071046
1 0.530234 0.109169 0.034635 0.051237
1 0.642396 0.097823 0.038958 0.06415
1 0.556823 0.074283 0.034792 0.056119
2 0.641016 0.060214 0.027552 0.044631
1 0.942344 0.257361 0.085729 0.106759
3 0.456745 0.58888 0.214823 0.673648
