2 0.630599 0.604935 0.092656 0.258611
1 0.812943 0.231222 0.044115 0.053074
1 0.758047 0.138352 0.029219 0.040556
1 0.77974 0.163972 0.037188 0.045574
1 0.731172 0.159102 0.029427 0.045296
1 0.712083 0.142389 0.0275 0.038611
1 0.818125 0.262833 0.055417 0.069519
1 0.700078 0.360583 0.062135 0.104611
1 0.586354 0.285806 0.047396 0.080944
1 0.598672 0.222315 0.038802 0.064778
1 0.531844 0.202681 0.031417 0.056157
1 0.57875 0.175255 0.028125 0.048639
1 0.572734 0.148657 0.026094 0.038889
3 0.831521 0.171692 0.082375 0.130839
3 0.949854 0.247053 0.102375 0.241265
