1 0.585625 0.17187 0.033958 0.06663
1 0.608151 0.347157 0.067135 0.114315
1 0.309964 0.322898 0.07326 0.100611
1 0.708958 0.069602 0.020104 0.037837
1 0.72237 0.085945 0.030052 0.046535
1 0.733646 0.055957 0.021979 0.035141
1 0.753047 0.109488 0.034115 0.046839
1 0.781641 0.12988 0.038698 0.05163
1 0.570703 0.088797 0.023281 0.043239
1 0.745208 0.168722 0.046042 0.062741
1 0.816458 0.161375 0.047604 0.064843
1 0.872995 0.246398 0.06349 0.08313
1 0.605677 0.051759 0.020104 0.034541
1 0.5825 0.039012 0.018958 0.034239
1 0.558646 0.04636 0.019062 0.030943
