1 0.653333 0.695019 0.126458 0.261185
1 0.750026 0.046105 0.033385 0.040576
1 0.801016 0.434222 0.107031 0.163222
1 0.632682 0.252639 0.060781 0.103944
1 0.778906 0.064879 0.035729 0.047617
1 0.603984 0.171662 0.044948 0.074602
1 0.725286 0.247639 0.061094 0.103352
1 0.707786 0.047277 0.028802 0.044094
1 0.848698 0.079544 0.040625 0.051133
1 0.824609 0.115924 0.047865 0.060522
2 0.602656 0.109175 0.032396 0.06228
1 0.866849 0.153764 0.051198 0.069324
1 0.600339 0.070453 0.025781 0.039991
1 0.946224 0.193083 0.060781 0.082241
1 0.887813 0.282556 0.081875 0.113333
1 0.544583 0.03965 0.024479 0.040574
2 0.588958 0.032068 0.026771 0.060431
1 0.633698 0.027374 0.024479 0.051044
3 0.497354 0.29554 0.117146 0.290439
