1 0.450302 0.873028 0.191708 0.222685
1 0.349411 0.107 0.037927 0.049656
1 0.522297 0.589759 0.144156 0.197407
1 0.406187 0.104827 0.044813 0.053209
1 0.314854 0.122605 0.039479 0.04768
2 0.545964 0.403102 0.102156 0.169352
1 0.502297 0.112333 0.044156 0.047678
1 0.52574 0.144926 0.053708 0.049656
1 0.40663 0.162901 0.054594 0.054791
1 0.511745 0.178503 0.06126 0.062291
1 0.598187 0.146901 0.057708 0.056765
1 0.066187 0.355694 0.065708 0.112463
1 0.139411 0.256139 0.052156 0.085611
1 0.650073 0.198256 0.073042 0.070191
1 0.563521 0.251787 0.072813 0.069019
1 0.190854 0.198454 0.055042 0.076907
