1 0.92863 0.390454 0.144823 0.148019
1 0.721073 0.324685 0.105708 0.095481
1 0.588964 0.266796 0.085927 0.080074
2 0.491854 0.233611 0.071271 0.080074
2 0.626411 0.829028 0.268823 0.345648
1 0.41163 0.212484 0.054823 0.056772
1 0.57663 0.315787 0.092823 0.087981
2 0.808078 0.750556 0.270823 0.327778
1 0.574521 0.585028 0.157938 0.169759
3 0.381521 0.310463 0.181271 0.206889
1 0.923078 0.54887 0.155927 0.196222
1 0.630297 0.50838 0.16549 0.148426
1 0.418188 0.466898 0.114146 0.12787
2 0.81263 0.571389 0.174156 0.205704
1 0.954745 0.72725 0.092594 0.167389
1 0.755297 0.46275 0.15326 0.130648
1 0.597745 0.380972 0.118594 0.106944
1 0.281411 0.342852 0.06949 0.100222
1 0.344969 0.399935 0.078375 0.099833
1 0.476073 0.31875 0.074375 0.097056
1 0.283302 0.282407 0.037708 0.059148
