1 0.697708 0.051868 0.019688 0.028924
1 0.708255 0.061286 0.023698 0.029435
1 0.267776 0.364343 0.087323 0.109352
1 0.732031 0.029263 0.020417 0.029415
1 0.733151 0.040236 0.023698 0.02582
1 0.742057 0.083858 0.027448 0.04595
1 0.76013 0.063247 0.023177 0.035409
1 0.408104 0.250204 0.078437 0.075667
1 0.732656 0.09848 0.028542 0.047393
1 0.786849 0.089373 0.026406 0.041643
1 0.770234 0.116937 0.034219 0.053626
2 0.698776 0.101595 0.034219 0.053624
1 0.702839 0.329546 0.069844 0.106833
1 0.826901 0.120771 0.040677 0.062254
1 0.608203 0.078586 0.025573 0.037328
1 0.593906 0.06037 0.020208 0.035407
1 0.824453 0.181176 0.049323 0.066093
1 0.911406 0.203944 0.05875 0.067519
1 0.955573 0.277778 0.090937 0.089593
1 0.958542 0.153852 0.085 0.066093
1 0.584063 0.035921 0.017188 0.027739
1 0.604141 0.019454 0.018698 0.035204
3 0.552521 0.098902 0.050375 0.109704
