1 0.685302 0.17475 0.035042 0.053204
1 0.09441 0.610907 0.117264 0.144074
1 0.316964 0.833917 0.140594 0.227426
1 0.744521 0.184432 0.033937 0.049654
1 0.646635 0.238954 0.037708 0.065463
1 0.792521 0.173568 0.029042 0.045309
1 0.263411 0.570019 0.10149 0.15
1 0.722964 0.223741 0.03526 0.054778
1 0.152635 0.410611 0.080375 0.106148
2 0.474073 0.33337 0.053042 0.114444
1 0.400188 0.311648 0.051042 0.08837
2 0.699964 0.432722 0.071927 0.146444
1 0.312073 0.235593 0.046375 0.048481
2 0.400302 0.202206 0.029042 0.062291
1 0.448854 0.218204 0.034146 0.058741
