1 0.475437 0.203259 0.055521 0.082407
1 0.349229 0.812639 0.197917 0.353796
1 0.515349 0.430991 0.090031 0.161981
1 0.641823 0.598315 0.11 0.226222
2 0.557708 0.21812 0.067917 0.156241
1 0.455479 0.178324 0.084646 0.068981
1 0.755911 0.059418 0.032865 0.051713
1 0.729479 0.088663 0.041458 0.060341
1 0.816328 0.087706 0.042552 0.060346
1 0.597604 0.162981 0.043125 0.074741
1 0.854349 0.164903 0.060365 0.080491
1 0.925547 0.141884 0.062552 0.090065
1 0.580625 0.094416 0.046875 0.066094
1 0.648047 0.075238 0.031823 0.056506
3 0.495448 0.100613 0.126667 0.15
