1 0.612964 0.174157 0.029927 0.042537
1 0.657406 0.164679 0.030375 0.041754
1 0.709521 0.176926 0.033271 0.050444
1 0.621078 0.216824 0.036823 0.058352
1 0.317073 0.305713 0.049708 0.067833
1 0.227521 0.33712 0.058604 0.074537
1 0.784073 0.23362 0.042375 0.059537
1 0.722297 0.305324 0.048156 0.073352
1 0.413078 0.256926 0.04526 0.069815
1 0.489078 0.244287 0.034156 0.061907
1 0.438854 0.20912 0.037271 0.057944
1 0.394854 0.191942 0.031042 0.043339
1 0.698964 0.657713 0.09349 0.161056
1 0.368854 0.172581 0.030146 0.042543
