1 0.334198 0.229296 0.049792 0.070778
1 0.676016 0.112993 0.03099 0.045385
1 0.494297 0.253083 0.056615 0.108685
1 0.582266 0.120856 0.029427 0.049824
2 0.408688 0.219023 0.054104 0.121991
1 0.657995 0.166616 0.041615 0.069583
1 0.5875 0.149681 0.034375 0.056676
1 0.478865 0.443361 0.081083 0.15787
1 0.725911 0.25288 0.06224 0.076019
1 0.740885 0.32363 0.081354 0.121593
1 0.471724 0.160968 0.038219 0.05588
1 0.428411 0.149884 0.03324 0.049824
1 0.520255 0.117426 0.025531 0.042167
1 0.833411 0.534056 0.121198 0.177222
1 0.463328 0.099489 0.02326 0.036115
1 0.500406 0.07893 0.021229 0.033696
1 0.533854 0.08538 0.022812 0.031278
3 0.741677 0.155741 0.086458 0.138741
3 0.631245 0.104729 0.048927 0.111087
