1 0.698047 0.053364 0.020469 0.041217
1 0.710286 0.06253 0.025052 0.034907
1 0.391745 0.246593 0.088427 0.082704
1 0.734974 0.069441 0.023385 0.034307
1 0.752708 0.048818 0.021146 0.023961
1 0.730833 0.037911 0.018021 0.024693
1 0.766823 0.024366 0.019479 0.026494
1 0.772161 0.069591 0.026406 0.055041
1 0.756432 0.095887 0.030469 0.054744
1 0.760807 0.080669 0.020885 0.035143
1 0.601016 0.312102 0.05599 0.109722
1 0.545807 0.152532 0.031823 0.058046
1 0.69151 0.26988 0.060208 0.091389
1 0.73362 0.113615 0.033802 0.052937
1 0.792682 0.110157 0.028281 0.026796
1 0.647422 0.162898 0.044323 0.069167
1 0.802057 0.144116 0.042969 0.061657
2 0.745625 0.149523 0.042292 0.07788
1 0.625182 0.089724 0.02724 0.046626
1 0.897266 0.24388 0.07474 0.106722
3 0.544969 0.043333 0.034375 0.082963
