1 0.493385 0.113505 0.035208 0.056176
1 0.676797 0.81087 0.158073 0.320111
1 0.595547 0.249565 0.055677 0.101685
1 0.703516 0.06631 0.027448 0.036787
1 0.559427 0.180171 0.043021 0.066435
1 0.710182 0.290111 0.06599 0.111926
1 0.691484 0.09091 0.03151 0.040476
1 0.751432 0.07232 0.03099 0.049767
2 0.64401 0.134098 0.050521 0.095119
1 0.715625 0.123282 0.037812 0.060028
1 0.795677 0.138106 0.052813 0.070769
1 0.573828 0.076969 0.024115 0.04208
1 0.821198 0.26087 0.071875 0.09063
1 0.956328 0.301167 0.089427 0.112259
