1 0.263411 0.043 0.03126 0.031481
1 0.216745 0.041815 0.024156 0.033852
1 0.206521 0.059593 0.032146 0.030693
1 0.311854 0.038259 0.029479 0.033063
1 0.332854 0.070456 0.036375 0.041357
2 0.473521 0.350157 0.123479 0.168574
1 0.317745 0.360037 0.086594 0.119593
2 0.10641 0.305519 0.07993 0.175667
1 0.258521 0.185225 0.062812 0.080476
1 0.421078 0.078556 0.04126 0.041752
1 0.314297 0.118655 0.044594 0.036617
1 0.135854 0.163892 0.048146 0.070994
1 0.118186 0.710463 0.120816 0.231778
1 0.575187 0.154802 0.064146 0.062296
1 0.529745 0.177318 0.067927 0.071772
1 0.510297 0.217028 0.072594 0.061907
1 0.069966 0.09179 0.032375 0.038198
