1 0.080853 0.890204 0.135482 0.174889
1 0.637302 0.223148 0.032375 0.056778
2 0.710078 0.236185 0.036594 0.071
1 0.257964 0.413167 0.06126 0.097852
1 0.66863 0.307889 0.044823 0.072963
1 0.803745 0.228676 0.036823 0.05913
2 0.472411 0.346213 0.043927 0.112463
1 0.409521 0.317167 0.047479 0.069407
1 0.777188 0.369907 0.058375 0.080074
1 0.680854 0.443398 0.071042 0.102981
1 0.849302 0.35075 0.055042 0.079685
2 0.452854 0.219395 0.031938 0.074543
1 0.751078 0.718556 0.103927 0.181593
1 0.917297 0.71125 0.130594 0.213611
