1 0.909854 0.348972 0.142375 0.116426
1 0.725187 0.277861 0.111271 0.104574
2 0.615969 0.239148 0.096375 0.091148
1 0.513078 0.212484 0.070594 0.068624
1 0.444297 0.193716 0.056156 0.061902
1 0.235188 0.381759 0.074375 0.096667
1 0.503302 0.247444 0.071042 0.074556
2 0.816302 0.715194 0.273042 0.327389
1 0.581745 0.551648 0.15549 0.170148
3 0.386969 0.279046 0.182375 0.202537
1 0.945854 0.520833 0.110375 0.174889
1 0.638078 0.472824 0.168156 0.138944
1 0.424969 0.438065 0.111708 0.124722
2 0.821188 0.538407 0.174375 0.203741
1 0.95863 0.685769 0.084823 0.153944
1 0.763078 0.426019 0.15549 0.12037
1 0.618297 0.357667 0.120156 0.106926
1 0.288854 0.315796 0.069708 0.096667
1 0.350073 0.375046 0.078375 0.098241
1 0.505521 0.30137 0.083937 0.108111
1 0.294964 0.258704 0.046823 0.063889
1 0.249521 0.235204 0.043479 0.05163
1 0.24074 0.285565 0.046375 0.072574
