1 0.834406 0.35787 0.128375 0.104963
1 0.648297 0.285176 0.096594 0.097056
2 0.522521 0.239935 0.078812 0.08087
1 0.436078 0.218611 0.060594 0.058741
1 0.378411 0.200034 0.04749 0.052413
1 0.213521 0.375648 0.067042 0.095481
2 0.811411 0.745417 0.26949 0.330944
1 0.577635 0.583444 0.157042 0.171333
3 0.385188 0.307491 0.179271 0.207278
1 0.942479 0.550981 0.117125 0.174
1 0.633188 0.503444 0.167271 0.144852
1 0.420078 0.461963 0.112594 0.125111
2 0.81463 0.569417 0.174594 0.209648
1 0.956297 0.721917 0.08949 0.166204
1 0.75863 0.459593 0.154156 0.129074
1 0.614745 0.385907 0.12326 0.104963
1 0.284302 0.341074 0.071708 0.10063
1 0.345745 0.397565 0.078594 0.09587
1 0.500411 0.325861 0.07949 0.104167
1 0.285964 0.280037 0.04126 0.057556
1 0.246854 0.259093 0.044375 0.052815
1 0.230635 0.301565 0.048375 0.064278
