1 0.475932 0.224713 0.053573 0.078241
1 0.539969 0.349444 0.074229 0.129556
1 0.570104 0.214565 0.052917 0.084796
1 0.723672 0.900009 0.158281 0.203685
1 0.720391 0.073731 0.03026 0.050187
1 0.659714 0.232324 0.052552 0.093463
1 0.860443 0.13281 0.047552 0.066898
1 0.587031 0.147134 0.039479 0.074065
1 0.645443 0.155042 0.042135 0.091065
1 0.873047 0.175778 0.06401 0.081222
1 0.942292 0.596806 0.1175 0.205944
1 0.968203 0.438361 0.065677 0.14387
1 0.97401 0.269926 0.054062 0.106593
3 0.492188 0.127343 0.128812 0.15987
